+375333431167
+375333431168
+375333431169
+375333431170
+375333431171
+375333431172
+375333431173
+375333431174
+375333431175
+375333431176
+375333431177
+375333431178
+375333431179
+375333431180
+375333431181
+375333431182
+375333431183
+375333431184
+375333431185
+375333431186
+375333431187
+375333431188
+375333431189
+375333431190
+375333431191
+375333431192
+375333431193
+375333431194
+375333431195
+375333431176
+375333431177
+375333431178
+375333431179
+375333431180
+375333431181
+375333431182
+375339988835
+375339988836
+375339988837
+375339988838
+375339988839
+375339988840
+375339988841
+375339988842
+375339988843
+375339988844
+375339988845
+375339988846
+375339988847
+375339988848
+375339988849
+375339988850
+375339988851
+375339988852
+375339988853
+375339988854
+375339988855
+375339988856
+375339988857
+375339988858
+375339988859
+375339988860
+375339988861
+375339988862
+375333431167
+375333431168
+375333431169
+375333431170
+375333431171
+375333431172
+375333431173
+375333431174
+375333431175
+375333431176
+375333431177
+375333431178
+375333431179
+375333431180
+375333431181
+375339988863
+375339988864
+375339988865
+375339988866
+375339988867
+375339988841
+375339988842
+375339988843
+375339988844
+375339988845
+375339988846
+375339988847
+375339988848
+375339988849
+375339988850
+375339988851
+375339988852